27-Jun-2019 16:58:03

Positions
-33.533574
40.266142
74.372260
-61.125593
-58.911381
74.637390
45.487781
-26.020217
52.840184
-30.047345
-57.649803
55.999106
72.197400
-60.668930
-43.240907
56.863326
-60.324691
56.546195
51.807442
-36.774008
-36.931388
45.872802
70.965875
-60.812020

turns
-1.000000
1.000000
1.000000
-1.000000
-1.000000
1.000000
1.000000
-1.000000
1.000000
-1.000000
-1.000000
1.000000
1.000000
-1.000000
-1.000000
1.000000
-1.000000
1.000000
1.000000
-1.000000
-1.000000
1.000000
1.000000
-1.000000

modPos
16.731908
-9.999341
24.106778
-10.860111
-8.645898
24.371908
-4.777702
24.245265
2.574701
20.218138
-7.384320
5.733624
21.931918
-10.403448
7.024576
6.597843
-10.059209
6.280712
1.541959
13.491475
13.334095
-4.392680
20.700393
-10.546537
